0 1 20
0 2 19
0 1 18
0 2 17
0 1 16
0 1 17
0 1 18
0 2 17
1 2 16
1 2 15
1 3 14
1 3 13
1 3 12
2 3 11
2 3 10
2 3 9
2 3 8
2 3 7
2 3 6
2 3 5
1 3 4
1 2 3
0 2 2
0 1 1
0 1 2
0 1 3
0 1 4
0 1 5
0 1 6
0 1 7
0 1 8
0 1 9
0 1 10
0 1 11
0 1 12
0 1 13
0 1 14
0 1 15
0 1 16
0 1 17
0 1 18
0 2 17
0 3 16
0 3 15
0 3 14
0 2 13
0 1 12
0 1 13
0 1 14
0 1 15
0 1 16
0 1 17
0 1 18
0 2 17
1 2 16
0 2 15
0 3 14
1 3 13
1 2 12
1 3 11
2 3 10
2 3 9
1 3 8
1 2 7
1 3 6
0 3 5
0 2 4
1 2 3
0 2 2
0 1 1
0 1 2
0 1 3
0 1 4
0 1 5
0 1 6
0 1 7
0 1 8
0 1 9
0 1 10
0 1 11
0 1 12
0 1 13
0 1 14
0 1 15
0 1 16
0 1 17
0 1 18
0 2 17
0 3 16
0 4 15
0 4 14
0 4 13
0 4 12
0 3 11
0 2 10
1 2 9
0 2 8
1 2 7
0 2 6
0 3 5
0 4 4
